WALLS
788,528,790,595
790,595,806,630
806,630,828,666
828,666,901,686
901,686,970,677
970,677,1014,644
1014,644,1035,590
1035,590,1038,532
1038,532,1030,483
1030,483,1010,455
1010,455,971,435
971,435,910,433
910,433,910,291
910,291,910,180
910,180,898,140
898,140,871,105
871,105,823,72
823,72,746,56
746,56,240,56
240,56,211,62
211,62,166,89
166,89,141,126
141,126,119,204
119,204,120,284
120,284,120,623
120,623,122,637
122,637,144,660
144,660,185,672
185,672,227,671
227,671,276,671
276,671,411,670
411,670,434,668
434,668,456,649
456,649,466,620
466,620,465,552
465,552,470,542
470,542,489,533
489,533,788,528
900,534,919,534
919,534,925,542
925,542,920,552
920,552,908,557
908,557,901,549
901,549,900,534
789,432,789,217
789,217,782,197
782,197,766,184
766,184,733,174
733,174,311,172
311,172,285,179
285,179,272,199
272,199,263,234
263,234,265,529
265,529,267,538
267,538,288,546
288,546,318,547
318,547,338,537
338,537,340,501
340,501,340,465
340,465,343,448
343,448,358,436
358,436,382,431
382,431,789,432
GATES
733,550,736,415
841,548,846,422
918,545,950,425
913,546,1048,507
912,543,1046,620
910,546,945,694
909,541,818,682
905,545,769,562
914,485,776,488
915,399,781,388
915,322,779,320
920,242,784,239
910,144,775,208
842,74,763,192
754,52,732,182
655,47,652,180
579,46,582,178
503,44,500,184
422,180,409,53
333,192,320,51
286,190,194,63
279,212,129,153
270,239,110,250
269,291,104,313
268,370,110,372
269,457,112,456
266,513,107,519
270,537,120,672
278,537,254,684
307,539,314,677
323,534,399,677
324,532,480,620
329,510,474,555
478,547,339,435
485,542,426,430
527,539,516,424
591,539,586,424
659,537,657,421
CAR
698,476