WALLS
34,178,37,658
37,658,37,672
37,672,49,688
49,688,71,702
71,702,105,708
105,708,128,706
128,706,165,708
165,708,216,708
216,708,240,699
240,699,254,680
254,680,256,656
256,656,257,629
257,629,256,577
256,577,268,540
268,540,290,521
290,521,333,501
333,501,384,492
384,492,442,492
442,492,492,495
492,495,515,507
515,507,531,529
531,529,536,554
536,554,537,588
537,588,547,620
547,620,570,631
570,631,615,640
615,640,676,645
676,645,710,644
710,644,769,641
769,641,799,640
799,640,822,626
822,626,830,598
830,598,829,575
829,575,832,545
832,545,838,539
838,539,855,536
855,536,927,538
927,538,953,539
953,539,983,532
983,532,994,518
994,518,995,497
995,497,995,243
995,243,1031,238
1031,238,1064,197
1064,197,1062,125
1062,125,1031,85
1031,85,964,62
964,62,893,90
893,90,879,136
879,136,78,137
78,137,59,142
59,142,42,153
42,153,34,178
965,173,955,167
955,167,961,155
961,155,969,159
969,159,965,173
142,626,148,237
148,237,152,231
152,231,164,231
164,231,881,230
881,230,908,244
908,244,911,411
911,411,901,426
901,426,876,438
876,438,843,435
843,435,779,438
779,438,764,451
764,451,754,480
754,480,753,535
753,535,743,544
743,544,717,545
717,545,638,543
638,543,625,534
625,534,620,517
620,517,606,455
606,455,571,423
571,423,478,399
478,399,362,395
362,395,283,411
283,411,187,494
187,494,142,626
GATES
722,661,723,507
859,604,741,518
891,573,754,438
892,556,864,401
998,540,880,411
1012,399,881,392
1009,343,870,339
1003,280,895,285
1021,244,897,251
961,164,882,245
960,163,839,174
959,167,871,96
961,163,975,59
961,161,1046,89
961,162,1072,177
965,167,1058,256
962,168,954,257
885,249,906,148
798,240,795,113
694,245,695,127
555,242,535,129
343,249,335,128
188,238,177,127
157,231,42,143
161,248,24,253
157,359,28,361
148,502,26,509
145,602,24,606
147,608,78,715
145,611,168,715
143,609,271,671
154,580,283,599
285,540,195,472
337,510,299,399
398,502,411,385
458,500,478,390
493,510,595,427
529,556,629,503
634,527,585,647
657,538,656,655
CAR
686,593