WALLS
595,364,835,512
835,512,855,518
855,518,895,511
895,511,917,491
917,491,936,450
936,450,940,400
940,400,940,288
940,288,925,243
925,243,908,220
908,220,878,205
878,205,854,208
854,208,812,230
812,230,595,364
465,461,790,639
790,639,823,653
823,653,856,662
856,662,903,660
903,660,935,655
935,655,984,631
984,631,1014,607
1014,607,1035,570
1035,570,1058,509
1058,509,1064,361
1064,361,1042,197
1042,197,1027,138
1027,138,980,100
980,100,924,93
924,93,827,102
827,102,719,140
719,140,483,291
483,291,291,207
291,207,270,196
270,196,259,171
259,171,252,148
252,148,255,62
255,62,246,36
246,36,220,20
220,20,180,15
180,15,53,13
53,13,25,22
25,22,7,37
7,37,4,68
4,68,5,676
5,676,10,703
10,703,34,713
34,713,211,713
211,713,225,713
225,713,242,709
242,709,250,694
250,694,253,662
253,662,254,606
254,606,257,595
257,595,283,571
283,571,465,461
329,375,190,323
190,323,167,307
167,307,151,295
151,295,145,271
145,271,142,230
142,230,143,114
143,114,134,109
134,109,121,115
121,115,119,605
119,605,128,615
128,615,143,606
143,606,143,472
143,472,147,465
147,465,329,375
GATES
875,686,863,504
1005,634,900,483
1058,539,913,452
929,412,1068,413
927,332,1063,281
917,261,1054,175
876,231,921,73
831,245,750,108
755,302,625,169
636,358,499,267
535,421,389,320
432,494,279,388
345,548,198,419
278,601,128,540
255,692,135,589
159,714,129,605
18,716,127,598
2,644,131,576
124,519,1,530
128,388,2,390
127,201,2,195
124,132,3,67
140,113,96,7
139,120,188,11
135,136,252,114
275,149,139,222
285,177,197,346
353,226,293,366
472,278,355,404
655,374,533,506
743,433,652,572
798,481,733,619
CAR
820,579