WALLS
357,613,550,623
550,623,695,625
695,625,829,617
829,617,935,592
935,592,951,562
951,562,947,518
947,518,929,479
929,479,899,422
899,422,887,317
887,317,903,255
903,255,926,207
926,207,928,146
928,146,903,90
903,90,789,65
789,65,713,66
713,66,577,96
577,96,449,155
449,155,333,226
333,226,236,328
236,328,196,398
196,398,185,456
185,456,186,504
186,504,209,558
209,558,237,579
237,579,295,601
295,601,357,613
496,518,616,523
616,523,702,528
702,528,755,528
755,528,781,518
781,518,769,487
769,487,757,467
757,467,743,407
743,407,736,346
736,346,744,287
744,287,758,239
758,239,767,198
767,198,762,189
762,189,745,189
745,189,712,198
712,198,635,231
635,231,513,292
513,292,417,350
417,350,366,407
366,407,337,446
337,446,334,470
334,470,348,483
348,483,396,500
396,500,454,511
454,511,496,518
GATES
696,652,688,503
741,481,858,652
753,485,988,513
731,454,952,406
715,347,928,336
746,244,910,281
753,205,963,181
740,207,840,62
703,222,694,53
618,273,502,115
496,328,353,187
416,380,226,311
356,452,124,462
362,477,254,614
441,497,418,634
557,508,554,638
CAR
622,571